function yEst = hfun2(x)
    C = [1,0,0,0,0,0,0,0,0,0,0,0; 0,0,0,1,0,0,0,0,0,0,0,0; ...
         0,0,0,0,0,0,1,0,0,0,0,0; 0,0,0,0,0,0,0,0,0,1,0,0;];
    yEst = C * x;
end